chr	start	end	strand	transcript
17	9250141176312	9271341370000	-	1
17	9386941176312	9396741370000	-	1
17	10220541176312	10225841370000	-	1
17	11145141176312	11152841370000	-	1
17	11302841176312	11311641370000	-	1
17	11372341176312	11386241370000	-	1
17	11810441176312	11820941370000	-	1
17	12069541176312	12074041370000	-	1
17	12206241176312	12213841370000	-	1
17	12312441176312	12654941370000	-	1
17	12695241176312	12704041370000	-	1
17	13540941176312	13558041370000	-	1
17	14137041176312	14149641370000	-	1
17	14346341176312	14365341370000	-	1
17	14674641176312	14705641370000	-	1
17	15028941176312	15037641370000	-	1
17	15403341176312	15411041370000	-	1
17	15461141176312	15465141370000	-	1
17	16084941176312	16093241370000	-	1
17	16686741176312	16692141370000	-	1
17	16879041176312	16886341370000	-	1
17	17028141176312	17034141370000	-	1
17	17218241176312	17368941370000	-	1
