chr	start	end	strand	transcript
5	50339112023218	50405112186936	+	1
5	67353112023218	67505112186936	+	1
5	78806112023218	78890112186936	+	1
5	79669112023218	79870112186936	+	1
5	88109112023218	88217112186936	+	1
5	93270112023218	93383112186936	+	1
5	104926112023218	105009112186936	+	1
5	113759112023218	113863112186936	+	1
5	127975112023218	128073112186936	+	1
5	131446112023218	131824112186936	+	1
5	134376112023218	134471112186936	+	1
5	139588112023218	139727112186936	+	1
5	140409112023218	140486112186936	+	1
5	141336112023218	141452112186936	+	1
5	147431112023218	147645112186936	+	1
5	150033112023218	158719112186936	+	1
5	50339112023218	50405112186936	+	2
5	50833112023218	50940112186936	+	2
5	67353112023218	67505112186936	+	2
5	78806112023218	78890112186936	+	2
5	79669112023218	79870112186936	+	2
5	88109112023218	88217112186936	+	2
5	93270112023218	93383112186936	+	2
5	104926112023218	105009112186936	+	2
5	113759112023218	113863112186936	+	2
5	127975112023218	128073112186936	+	2
5	131446112023218	131824112186936	+	2
5	134376112023218	134471112186936	+	2
5	139588112023218	139727112186936	+	2
5	140409112023218	140486112186936	+	2
5	141336112023218	141452112186936	+	2
5	147431112023218	147645112186936	+	2
5	150033112023218	158719112186936	+	2
5	20001112023218	20362112186936	+	3
5	67353112023218	67505112186936	+	3
5	78806112023218	78890112186936	+	3
5	79669112023218	79870112186936	+	3
5	88109112023218	88217112186936	+	3
5	93270112023218	93383112186936	+	3
5	104926112023218	105009112186936	+	3
5	113759112023218	113863112186936	+	3
5	127975112023218	128073112186936	+	3
5	131446112023218	131824112186936	+	3
5	134376112023218	134471112186936	+	3
5	139588112023218	139727112186936	+	3
5	140409112023218	140486112186936	+	3
5	141336112023218	141452112186936	+	3
5	147431112023218	147645112186936	+	3
5	150033112023218	158719112186936	+	3
