chr	start	end	strand	transcript
17	500150182096	522950206639	-	1
17	669350182096	688750206639	-	1
17	705050182096	708450206639	-	1
17	718750182096	722250206639	-	1
17	731350182096	741450206639	-	1
17	813650182096	820750206639	-	1
17	843550182096	847950206639	-	1
17	863850182096	869150206639	-	1
17	885550182096	890850206639	-	1
17	940750182096	946050206639	-	1
17	957750182096	963050206639	-	1
17	997050182096	1002350206639	-	1
17	1011250182096	1015650206639	-	1
17	1027350182096	1032650206639	-	1
17	1044150182096	1048550206639	-	1
17	1066450182096	1071750206639	-	1
17	1097550182096	1107350206639	-	1
17	1116250182096	1120650206639	-	1
17	1131050182096	1140850206639	-	1
17	1154050182096	1159350206639	-	1
17	1181250182096	1191950206639	-	1
17	1201450182096	1206750206639	-	1
17	1219350182096	1229150206639	-	1
17	1245750182096	1251050206639	-	1
17	1259950182096	1269750206639	-	1
17	1359350182096	1364650206639	-	1
17	1379050182096	1384350206639	-	1
17	1394750182096	1400050206639	-	1
17	1411250182096	1416550206639	-	1
17	1461650182096	1466050206639	-	1
17	1475450182096	1485250206639	-	1
17	1515050182096	1525750206639	-	1
17	1571650182096	1582350206639	-	1
17	1604450182096	1609750206639	-	1
17	1626050182096	1631350206639	-	1
17	1653250182096	1663950206639	-	1
17	1672850182096	1678150206639	-	1
17	1690850182096	1696150206639	-	1
17	1710250182096	1726350206639	-	1
17	1736550182096	1747250206639	-	1
17	1763050182096	1773750206639	-	1
17	1784550182096	1789850206639	-	1
17	1800350182096	1811050206639	-	1
17	1849150182096	1854450206639	-	1
17	1865750182096	1876450206639	-	1
17	1910350182096	1915650206639	-	1
17	1951850182096	1962550206639	-	1
17	1971850182096	2000050206639	-	1
17	2013350182096	2032350206639	-	1
17	2062050182096	2086250206639	-	1
17	2099250182096	2254450206639	-	1
