chr	start	end	strand	transcript
13	500148872883	530349058026	+	1
13	853448872883	866049058026	+	1
13	4385348872883	4396849058026	+	1
13	4633448872883	4645349058026	+	1
13	4907948872883	4911749058026	+	1
13	5021048872883	5027749058026	+	1
13	6127148872883	6138149058026	+	1
13	6406948872883	6421149058026	+	1
13	6614848872883	6622549058026	+	1
13	6874848872883	6885749058026	+	1
13	6978148872883	6985849058026	+	1
13	7465948872883	7474649058026	+	1
13	7817248872883	7828849058026	+	1
13	8084848872883	8090449058026	+	1
13	8130748872883	8133849058026	+	1
13	8141948872883	8149549058026	+	1
13	8250148872883	8269749058026	+	1
13	15424748872883	15436549058026	+	1
13	15745848872883	15760349058026	+	1
13	16094248872883	16108749058026	+	1
13	16498548872883	16508949058026	+	1
13	16625248872883	16636549058026	+	1
13	16645948872883	16662249058026	+	1
13	17461448872883	17464449058026	+	1
13	17795548872883	17809749058026	+	1
13	17860948872883	17865849058026	+	1
13	18125248872883	18314449058026	+	1
