chr	start	end	strand	transcript
11	500194148466	508494232040	-	1
11	596994148466	609394232040	-	1
11	791094148466	804294232040	-	1
11	1279194148466	1295194232040	-	1
11	1911494148466	1920194232040	-	1
11	1999994148466	2014094232040	-	1
11	2247294148466	2258694232040	-	1
11	2711694148466	2730194232040	-	1
11	2823394148466	2840494232040	-	1
11	3098294148466	3106294232040	-	1
11	3463694148466	3476294232040	-	1
11	3783994148466	3793994232040	-	1
11	3929494148466	3946794232040	-	1
11	4253794148466	4259994232040	-	1
11	5143794148466	5165694232040	-	1
11	5298294148466	5306594232040	-	1
11	6164094148466	6169894232040	-	1
11	6297694148466	6304394232040	-	1
11	6888994148466	6896494232040	-	1
11	7869494148466	8157594232040	-	1
