chr	start	end	strand	transcript
17	495129416995	539329706695	+	1
17	6600729416995	6615029706695	+	1
17	6903429416995	6911729706695	+	1
17	7321029416995	7340029706695	+	1
17	7991529416995	8002129706695	+	1
17	9144629416995	9151329706695	+	1
17	9173429416995	9180929706695	+	1
17	9253229416995	9268929706695	+	1
17	11044629416995	11061929706695	+	1
17	11106129416995	11118329706695	+	1
17	11143529416995	11150929706695	+	1
17	11626429416995	11639529706695	+	1
17	12447529416995	12460929706695	+	1
17	12902929416995	12914229706695	+	1
17	13187429416995	13195329706695	+	1
17	13346829416995	13359129706695	+	1
17	13511929416995	13527429706695	+	1
17	13645929416995	13670829706695	+	1
17	13724229416995	13731529706695	+	1
17	13754729416995	13763029706695	+	1
17	13904929416995	13948929706695	+	1
17	13985929416995	13999829706695	+	1
17	14028429416995	14040629706695	+	1
17	14086629416995	14094929706695	+	1
17	14209729416995	14221329706695	+	1
17	14272429416995	14290529706695	+	1
17	14302629416995	14323729706695	+	1
17	14563529416995	14579629706695	+	1
17	14594229416995	14604529706695	+	1
17	15900829416995	15914329706695	+	1
17	16836829416995	16852629706695	+	1
17	16905629416995	16915329706695	+	1
17	17039329416995	17053929706695	+	1
17	17173529416995	17188129706695	+	1
17	17525329416995	17536329706695	+	1
17	23584429416995	23627629706695	+	1
17	23752329416995	23786329706695	+	1
17	24032029416995	24052229706695	+	1
17	24486229416995	24505529706695	+	1
17	24635729416995	24649729706695	+	1
17	24665929416995	24693829706695	+	1
17	24739229416995	24760629706695	+	1
17	24784329416995	24790429706695	+	1
17	24804929416995	24816329706695	+	1
17	24872829416995	24882929706695	+	1
17	25052929416995	25066929706695	+	1
17	25303329416995	25315929706695	+	1
17	25914429416995	25927529706695	+	1
17	26020729416995	26034229706695	+	1
17	26228129416995	26243829706695	+	1
17	26648429416995	26660629706695	+	1
17	26698429416995	26711429706695	+	1
17	26729329416995	26739329706695	+	1
17	26850429416995	26864629706695	+	1
17	26899329416995	26903929706695	+	1
17	27051129416995	27072729706695	+	1
17	28403729416995	28770129706695	+	1
17	495129416995	539329706695	+	2
17	6600729416995	6615029706695	+	2
17	6903429416995	6911729706695	+	2
17	7321029416995	7340029706695	+	2
17	7991529416995	8002129706695	+	2
17	9144629416995	9151329706695	+	2
17	9173429416995	9180929706695	+	2
17	9253229416995	9268929706695	+	2
17	11044629416995	11061929706695	+	2
17	11106129416995	11118329706695	+	2
17	11143529416995	11150929706695	+	2
17	11626429416995	11639529706695	+	2
17	12447529416995	12460929706695	+	2
17	12902929416995	12914229706695	+	2
17	13187429416995	13195329706695	+	2
17	13346829416995	13359129706695	+	2
17	13511929416995	13527429706695	+	2
17	13645929416995	13670829706695	+	2
17	13724229416995	13731529706695	+	2
17	13754729416995	13763029706695	+	2
17	13904929416995	13948929706695	+	2
17	13985929416995	13999829706695	+	2
17	14028429416995	14040629706695	+	2
17	14086629416995	14094929706695	+	2
17	14209729416995	14221329706695	+	2
17	14272429416995	14290529706695	+	2
17	14302629416995	14323729706695	+	2
17	14563529416995	14579629706695	+	2
17	14594229416995	14604529706695	+	2
17	15900829416995	15914329706695	+	2
17	16296229416995	16302429706695	+	2
17	16836829416995	16852629706695	+	2
17	16905629416995	16915329706695	+	2
17	17039329416995	17053929706695	+	2
17	17173529416995	17188129706695	+	2
17	17525329416995	17536329706695	+	2
17	23584429416995	23627629706695	+	2
17	23752329416995	23786329706695	+	2
17	24032029416995	24052229706695	+	2
17	24486229416995	24505529706695	+	2
17	24635729416995	24649729706695	+	2
17	24665929416995	24693829706695	+	2
17	24739229416995	24760629706695	+	2
17	24784329416995	24790429706695	+	2
17	24804929416995	24816329706695	+	2
17	24872829416995	24882929706695	+	2
17	25052929416995	25066929706695	+	2
17	25303329416995	25315929706695	+	2
17	25914429416995	25927529706695	+	2
17	26020729416995	26034229706695	+	2
17	26228129416995	26243829706695	+	2
17	26648429416995	26660629706695	+	2
17	26698429416995	26711429706695	+	2
17	26729329416995	26739329706695	+	2
17	26850429416995	26864629706695	+	2
17	26899329416995	26903929706695	+	2
17	27051129416995	27072729706695	+	2
17	28403729416995	28770129706695	+	2
