chr	start	end	strand	transcript
13	500148298747	530348483890	+	1
13	853448298747	866048483890	+	1
13	4385348298747	4396848483890	+	1
13	4633448298747	4645348483890	+	1
13	4907948298747	4911748483890	+	1
13	5021048298747	5027748483890	+	1
13	6127148298747	6138148483890	+	1
13	6406948298747	6421148483890	+	1
13	6614848298747	6622548483890	+	1
13	6874848298747	6885748483890	+	1
13	6978148298747	6985848483890	+	1
13	7465948298747	7474648483890	+	1
13	7817248298747	7828848483890	+	1
13	8084848298747	8090448483890	+	1
13	8130748298747	8133848483890	+	1
13	8141948298747	8149548483890	+	1
13	8250148298747	8269748483890	+	1
13	15424748298747	15436548483890	+	1
13	15745848298747	15760348483890	+	1
13	16094248298747	16108748483890	+	1
13	16498548298747	16508948483890	+	1
13	16625248298747	16636548483890	+	1
13	16645948298747	16662248483890	+	1
13	17461448298747	17464448483890	+	1
13	17795548298747	17809748483890	+	1
13	17860948298747	17865848483890	+	1
13	18125248298747	18314448483890	+	1
