chr	start	end	strand	transcript
1	500145792914	525245811142	-	1
1	1096045792914	1108045811142	-	1
1	1186845792914	1205845811142	-	1
1	1214745792914	1218645811142	-	1
1	1230145792914	1237445811142	-	1
1	1251245792914	1255345811142	-	1
1	1263745792914	1270845811142	-	1
1	1278445792914	1289745811142	-	1
1	1298345792914	1308045811142	-	1
1	1316145792914	1330545811142	-	1
1	1338545792914	1344845811142	-	1
1	1362245792914	1381045811142	-	1
1	1391545792914	1405145811142	-	1
1	1413745792914	1428945811142	-	1
1	1491445792914	1495545811142	-	1
1	1603445792914	1622945811142	-	1
