chr	start	end	strand	transcript
17	9250143024295	9271343217981	-	1
17	9386943024295	9396743217981	-	1
17	10220543024295	10225843217981	-	1
17	11145143024295	11152843217981	-	1
17	11302843024295	11311643217981	-	1
17	11372343024295	11386243217981	-	1
17	11810443024295	11820943217981	-	1
17	12069543024295	12074043217981	-	1
17	12206243024295	12213843217981	-	1
17	12312443024295	12654943217981	-	1
17	12695243024295	12704043217981	-	1
17	13540943024295	13558043217981	-	1
17	14137043024295	14149643217981	-	1
17	14346343024295	14365343217981	-	1
17	14674643024295	14705643217981	-	1
17	15028943024295	15037643217981	-	1
17	15403343024295	15411043217981	-	1
17	15461143024295	15465143217981	-	1
17	16084943024295	16093243217981	-	1
17	16686743024295	16692143217981	-	1
17	16879043024295	16886343217981	-	1
17	17028143024295	17034143217981	-	1
17	17218243024295	17368943217981	-	1
